[ 5.69645988e-02  3.93390651e-01  7.84240427e-01  4.94146008e-01
  4.53866981e-01  5.36902848e-01  7.24196477e-01  6.73362730e-01
  8.47827303e-01  1.05293178e+00  5.79479704e-01  7.51836797e-01
  1.22055565e+00  7.16089391e-01  1.22475878e+00  1.37595004e+00
  7.78230726e-01  1.35757783e+00  6.06767292e-01  1.38850066e+00
  7.55129382e-01  8.17366903e-01  1.29765787e+00  1.09944458e+00
  1.43267653e+00  1.08973970e+00  1.09354539e+00  1.12634553e+00
  1.84773404e+00  1.30941525e+00  1.53209116e+00  1.82809984e+00
  1.71244121e+00  1.16499339e+00  1.73799482e+00  1.99066520e+00
  1.93725440e+00  1.64552446e+00  1.64765487e+00  1.52719794e+00
  1.85611769e+00  2.03824573e+00  2.05110563e+00  1.33950103e+00
  2.02556946e+00  2.22726361e+00  1.74290212e+00  1.99178018e+00
  2.43597490e+00  1.97473872e+00  1.55259460e+00  2.08439363e+00
  2.26716734e+00  2.25891217e+00  2.34931635e+00  2.64946264e+00
  2.00586264e+00  2.32758762e+00  2.72879971e+00  2.56573743e+00
  2.71145368e+00  2.76752463e+00  2.53010657e+00  2.21071408e+00
  2.31238420e+00  2.44843904e+00  2.78290814e+00  2.46913021e+00
  2.74588069e+00  2.14676863e+00  2.30523546e+00  2.73958659e+00
  2.96612273e+00  2.78851147e+00  3.01499096e+00  3.04046332e+00
  2.77158777e+00  2.73104511e+00  2.62475270e+00  2.92951734e+00
  2.71776776e+00  3.26120903e+00  2.37848340e+00  3.01269050e+00
  3.21901648e+00  3.13667203e+00  3.36412714e+00  2.62420468e+00
  3.39264030e+00  2.87675889e+00  2.87976246e+00  2.73063160e+00
  2.60088969e+00  2.97533165e+00  2.99896113e+00  3.43997900e+00
  3.18782140e+00  3.56381707e+00  2.72198818e+00  3.55082031e+00
  3.03179619e+00  3.11779292e+00  3.46346809e+00  2.97234603e+00
  2.93676201e+00  3.08176769e+00  2.93299992e+00  3.60659077e+00
  3.35092478e+00  3.57964964e+00  3.49353504e+00  2.85752075e+00
  3.72217233e+00  2.95264203e+00  3.13224247e+00  3.81818936e+00
  3.04308042e+00  3.28599049e+00  2.87542318e+00  3.46516869e+00
  3.31550262e+00  3.18037998e+00  3.47675286e+00  2.96713462e+00
  3.82728889e+00  3.62883455e+00  3.71689476e+00  3.80067765e+00
  3.05691554e+00  3.52067697e+00  3.07577219e+00  3.86732941e+00
  2.98414964e+00  3.33345363e+00  2.98434663e+00  3.44017094e+00
  3.22387990e+00  3.86318640e+00  3.74880270e+00  3.44503409e+00
  3.27876165e+00  3.77954365e+00  3.09378735e+00  3.25331146e+00
  3.03884251e+00  3.20194597e+00  3.50464191e+00  3.57513918e+00
  3.46355589e+00  3.54772505e+00  3.97826681e+00  3.16447582e+00
  3.16291219e+00  3.52583139e+00  3.12563266e+00  3.26395882e+00
  3.61499539e+00  3.77742473e+00  3.91449350e+00  3.73354429e+00
  3.96374158e+00  3.87889851e+00  3.84590494e+00  3.40950814e+00
  3.71586384e+00  3.18053161e+00  3.37992902e+00  3.69962232e+00
  3.04327881e+00  3.15291990e+00  3.28251669e+00  3.37143921e+00
  3.52824539e+00  2.93417773e+00  3.72132513e+00  3.62202167e+00
  3.85296258e+00  3.12675438e+00  3.01266291e+00  3.20662529e+00
  3.69328145e+00  3.21842589e+00  3.17432221e+00  3.71241299e+00
  2.82531023e+00  3.00247415e+00  3.55104769e+00  3.56924349e+00
  2.91857648e+00  3.30511648e+00  2.78783687e+00  3.31998686e+00
  3.22525376e+00  2.90015062e+00  2.70176084e+00  3.51378029e+00
  3.36546606e+00  3.04900350e+00  3.45984443e+00  3.35514922e+00
  3.15211506e+00  2.91425031e+00  3.27114318e+00  3.48904146e+00
  2.55611510e+00  3.28318799e+00  3.39110006e+00  2.94835791e+00
  3.08067174e+00  3.18286976e+00  3.32060587e+00  3.07519335e+00
  3.06803285e+00  2.31235540e+00  2.88527195e+00  2.29098063e+00
  2.55452817e+00  2.58669033e+00  2.79417739e+00  2.96254270e+00
  3.02467038e+00  2.85894969e+00  2.46674494e+00  2.51893382e+00
  2.28291159e+00  2.81524548e+00  2.15039993e+00  2.62320952e+00
  2.80975979e+00  2.15026316e+00  2.31237532e+00  2.43696993e+00
  2.42124905e+00  2.75525459e+00  2.27051348e+00  1.97354936e+00
  1.98528804e+00  2.41928523e+00  2.36846599e+00  2.10398529e+00
  1.87061749e+00  1.87565306e+00  2.11837876e+00  1.69847677e+00
  1.99278707e+00  2.51398785e+00  1.51653548e+00  2.10387775e+00
  2.15989153e+00  1.66910320e+00  1.82493826e+00  1.85759327e+00
  1.96320056e+00  1.51152688e+00  1.41999699e+00  2.25141524e+00
  1.60526248e+00  1.21290587e+00  1.27587863e+00  1.20054255e+00
  1.21445022e+00  1.59731281e+00  1.58486275e+00  1.51173432e+00
  1.74488492e+00  1.69077009e+00  1.55801149e+00  1.01236930e+00
  1.30407552e+00  9.05878157e-01  8.19080674e-01  1.69877392e+00
  1.50890542e+00  1.00981511e+00  1.51665897e+00  1.35096202e+00
  1.13455711e+00  9.59690624e-01  6.19708289e-01  1.33437018e+00
  1.08727534e+00  5.54296535e-01  7.17964551e-01  9.98132833e-01
  3.79365811e-01  1.29102747e+00  6.21148129e-01  8.50905513e-01
  4.56042065e-01  5.44511742e-01  4.81983025e-01  3.32427423e-01
  7.22790566e-01  3.63617229e-01  3.92454487e-01  5.24862458e-02
  9.73516378e-01  3.12639359e-01  2.46292483e-01  4.31617617e-01
  8.57157565e-01  4.52127006e-01  4.24545638e-01  5.82874617e-01
  6.04515970e-01  3.81856498e-01 -2.53283535e-01 -3.07295015e-01
 -3.09350892e-01  9.42135295e-02  2.39089670e-01 -2.79369161e-01
 -4.02640440e-01  1.24256520e-01 -5.04167959e-01 -9.70065438e-02
 -4.80977333e-01  6.65003557e-02  2.48411889e-01 -4.42617088e-01
 -1.20996691e-01 -3.71040464e-02 -4.81662379e-01 -3.77286545e-01
 -8.37040634e-01  4.30243784e-02 -4.57230185e-01 -3.73130860e-01
 -2.24017871e-01 -4.11353508e-02 -9.61151061e-01 -9.88447175e-01
 -2.01660851e-01 -3.90261588e-01 -6.17388200e-01 -4.80560527e-01
 -5.89505778e-01 -9.48768871e-01 -7.44128121e-01 -4.77365801e-01
 -5.69323073e-01 -9.31757615e-01 -9.03128917e-01 -5.66925718e-01
 -6.16315157e-01 -1.05317940e+00 -9.60559936e-01 -1.28256927e+00
 -1.48123872e+00 -1.25836453e+00 -1.32547810e+00 -1.07394240e+00
 -1.01484492e+00 -9.75179390e-01 -1.44393504e+00 -1.54960971e+00
 -1.08089323e+00 -1.79692321e+00 -1.45248943e+00 -1.59672042e+00
 -9.74864199e-01 -1.38364095e+00 -1.11198460e+00 -1.10068999e+00
 -1.49568249e+00 -1.42893075e+00 -1.92879113e+00 -1.13030290e+00
 -1.24765661e+00 -1.64992149e+00 -1.14564504e+00 -1.94548157e+00
 -2.05285842e+00 -1.35731772e+00 -1.79218288e+00 -1.95702067e+00
 -2.14066591e+00 -1.99882120e+00 -2.18900291e+00 -2.00055518e+00
 -1.56309252e+00 -1.99271793e+00 -1.48518204e+00 -1.41431395e+00
 -2.00085668e+00 -1.83683132e+00 -2.43334310e+00 -2.30174533e+00
 -1.79104925e+00 -2.41798165e+00 -2.30313162e+00 -1.84944146e+00
 -1.62208028e+00 -2.12538690e+00 -1.96869524e+00 -1.86019807e+00
 -2.00176739e+00 -1.66209610e+00 -1.82596706e+00 -1.66882565e+00
 -2.44103199e+00 -2.28950976e+00 -2.54445354e+00 -1.96427399e+00
 -2.66688253e+00 -1.99357487e+00 -2.32886874e+00 -2.17770115e+00
 -2.01014122e+00 -2.62598807e+00 -2.76981090e+00 -1.83942870e+00
 -2.48561857e+00 -2.17237769e+00 -1.85937333e+00 -2.47436892e+00
 -2.31962126e+00 -2.08922911e+00 -2.58571107e+00 -2.23017815e+00
 -2.30160063e+00 -2.49711543e+00 -2.20654727e+00 -2.73669382e+00
 -2.85257484e+00 -2.01314646e+00 -1.98195167e+00 -2.03014249e+00
 -2.83505184e+00 -2.25460236e+00 -2.75891285e+00 -2.81594138e+00
 -2.75403884e+00 -2.45757462e+00 -2.75222507e+00 -2.51709461e+00
 -2.02158904e+00 -2.83946752e+00 -2.29870610e+00 -2.04500171e+00
 -2.72433388e+00 -2.91836896e+00 -2.46044598e+00 -2.33584651e+00
 -2.97028127e+00 -2.15990783e+00 -2.85823853e+00 -2.42709406e+00
 -2.20767242e+00 -2.96160893e+00 -2.86904337e+00 -2.59151859e+00
 -2.48360319e+00 -2.92555053e+00 -2.25920189e+00 -2.63540630e+00
 -2.86167272e+00 -2.25318089e+00 -1.98919238e+00 -2.62347472e+00
 -2.80798540e+00 -2.05289084e+00 -2.09150110e+00 -2.65431930e+00
 -2.91585772e+00 -2.12360947e+00 -2.53444594e+00 -2.59717626e+00
 -2.07653761e+00 -1.94977250e+00 -2.02771863e+00 -2.51851102e+00
 -2.47538329e+00 -2.11524891e+00 -2.18002389e+00 -1.90916320e+00
 -2.11626044e+00 -2.18643566e+00 -2.79809077e+00 -2.26887665e+00
 -2.43758079e+00 -2.69522328e+00 -1.92200596e+00 -2.56158799e+00
 -1.85073007e+00 -2.32293221e+00 -2.50315607e+00 -1.71106339e+00
 -2.65262316e+00 -2.28090423e+00 -2.03300206e+00 -2.14137411e+00
 -2.20303581e+00 -2.47827703e+00 -1.84336263e+00 -2.11680410e+00
 -1.78310531e+00 -2.27609372e+00 -2.07240972e+00 -1.85204024e+00
 -1.52388519e+00 -1.82953656e+00 -1.64868616e+00 -2.21833378e+00
 -1.94816534e+00 -2.02495972e+00 -1.41623171e+00 -2.02744676e+00
 -1.94346141e+00 -1.84215065e+00 -1.74646242e+00 -1.98879007e+00
 -2.01076222e+00 -1.45897471e+00 -1.62617981e+00 -2.02636138e+00
 -1.68294908e+00 -1.69087452e+00 -1.20975942e+00 -1.31659598e+00
 -1.74297987e+00 -1.69818857e+00 -1.49421091e+00 -1.14468422e+00
 -1.20967418e+00 -1.41651051e+00 -1.80978114e+00 -9.01883703e-01
 -1.30154412e+00 -1.78559019e+00 -8.47855279e-01 -9.86091676e-01
 -1.25454429e+00 -1.33162122e+00 -1.57819437e+00 -9.87824303e-01
 -1.00448168e+00 -7.92718665e-01 -9.53422262e-01 -1.29338892e+00
 -1.32649159e+00 -6.78463222e-01 -1.15089918e+00 -6.21801168e-01
 -8.96366496e-01 -9.19108964e-01 -1.09838787e+00 -1.01005111e+00
 -8.80157960e-01 -3.71155310e-01 -4.88568105e-01 -3.69550950e-01
 -5.26670960e-01 -9.61594407e-01 -8.52763931e-01 -1.68952093e-01
 -6.55255130e-01 -6.07331788e-01 -2.97237437e-01 -2.74354115e-02
 -2.65347417e-01 -7.18527441e-02 -2.29993326e-01 -8.51362050e-01
 -1.44838181e-01 -6.41494926e-01 -8.02389694e-01 -3.44947326e-01
 -2.77843409e-01 -2.00114000e-01 -2.08278866e-01 -2.74271052e-01
 -1.66306136e-02  1.23638750e-01  8.56754583e-02  4.17949717e-01
  3.08285200e-01  9.65449210e-02  5.27407258e-01 -1.35057198e-01
 -1.26247383e-01 -3.21301516e-01 -2.19136255e-01  4.52367994e-02
 -1.81443604e-01  7.59772501e-01  1.23097921e-01  4.23483752e-02
  3.11751140e-01  7.55620909e-01  6.82786013e-01  8.74488588e-01
  6.65967850e-01  4.65394831e-01  7.58040604e-01  1.00016636e+00
  3.41305481e-01  4.81039526e-01  8.12767010e-01  2.98684323e-01
  3.54260892e-01  1.05050839e+00  1.26277976e+00  7.15301612e-01
  5.47132259e-01  8.64421901e-01  9.87749860e-01  6.97643276e-01
  1.46111067e+00  9.17376194e-01  1.57959898e+00  1.17097496e+00
  1.51485140e+00  1.05857071e+00  1.00738002e+00  8.09960579e-01
  1.43319752e+00  1.23889858e+00  8.70806026e-01  1.60516152e+00
  1.09186036e+00  1.09572046e+00  1.56299173e+00  1.84192910e+00
  1.41884788e+00  1.93445415e+00  2.02503487e+00  1.93597476e+00
  1.36498753e+00  1.36100777e+00  1.80813574e+00  1.48778428e+00
  1.68479272e+00  2.17153674e+00  1.66248995e+00  1.93681419e+00
  2.00603316e+00  2.32997667e+00  2.16530582e+00  2.30658026e+00
  2.04236615e+00  1.54235812e+00  2.48584782e+00  2.47341654e+00
  1.70522858e+00  2.21050224e+00  2.20151960e+00  2.32671118e+00
  2.61770550e+00  2.50548573e+00  2.25090699e+00  1.99529249e+00
  2.00030924e+00  1.83414080e+00  2.63251347e+00  2.62613631e+00
  2.83194430e+00  2.91904314e+00  1.95538286e+00  2.56790688e+00
  2.14531775e+00  2.20949977e+00  2.57910353e+00  2.83941950e+00
  3.00394664e+00  2.14782889e+00  2.52212863e+00  2.47104272e+00
  2.41370596e+00  2.37739437e+00  3.00864733e+00  3.16838404e+00
  2.56066060e+00  2.99438986e+00  3.22973625e+00  2.84261562e+00
  3.34279632e+00  3.15463698e+00  3.16669171e+00  3.28182418e+00
  2.55028251e+00  2.54348695e+00  2.47095758e+00  3.38444690e+00
  3.43635737e+00  3.33556498e+00  2.75574230e+00  2.84719063e+00
  3.16349733e+00  2.67896189e+00  3.23960829e+00  3.26026679e+00
  3.27214823e+00  3.53082961e+00  2.90050653e+00  3.38345310e+00
  3.21240242e+00  3.46576785e+00  3.59311323e+00  3.00656866e+00
  3.04717669e+00  2.98752503e+00  3.41928038e+00  3.45142084e+00
  3.37704545e+00  2.80259970e+00  3.26731138e+00  3.72483870e+00
  3.41802557e+00  3.09986686e+00  3.50523148e+00  3.06522474e+00
  3.54341105e+00  2.98218626e+00  3.03708490e+00  3.63822541e+00
  3.58196185e+00  3.82970097e+00  3.18042954e+00  3.27377916e+00
  3.41673147e+00  3.53286485e+00  3.37565319e+00  3.12234214e+00
  3.72580684e+00  3.75122758e+00  3.78366049e+00  3.29134366e+00
  3.47672081e+00  3.45798173e+00  3.67917193e+00  3.40958571e+00
  3.84934340e+00  3.85195207e+00  3.52888409e+00  3.81246234e+00
  3.69716513e+00  3.31580061e+00  3.28526021e+00  3.35609064e+00
  3.28424172e+00  3.18274420e+00  3.77240114e+00  3.27620734e+00
  3.56665267e+00  3.65193020e+00  3.77615431e+00  3.35730080e+00
  3.04244911e+00  3.27024444e+00  3.90313351e+00  2.98175089e+00
  3.07251090e+00  3.30479354e+00  3.61995986e+00  3.86328961e+00
  3.94237636e+00  3.50770084e+00  3.51465304e+00  3.80122414e+00
  3.57693914e+00  3.60531984e+00  3.78668440e+00  3.47580082e+00
  3.29815441e+00  3.44535591e+00  2.99538537e+00  3.39495080e+00
  3.29187827e+00  3.24662276e+00  3.00796441e+00  3.25501104e+00
  3.63528674e+00  3.53648104e+00  2.86915964e+00  3.32042502e+00
  3.74284608e+00  3.23615468e+00  2.99210348e+00  3.35199102e+00
  2.87106909e+00  3.12435241e+00  3.65562807e+00  3.27786387e+00
  3.65674287e+00  3.14519025e+00  2.64214816e+00  2.65169313e+00
  2.84218722e+00  2.76487408e+00  2.77212119e+00  3.47730254e+00
  2.80548892e+00  2.82140163e+00  3.18578115e+00  2.96287494e+00
  3.35082236e+00  2.93925291e+00  3.22550606e+00  3.11791371e+00
  2.75380589e+00  3.37974441e+00  2.40123080e+00  2.86197577e+00
  3.14088114e+00  2.92952677e+00  2.98538935e+00  3.03303925e+00
  2.83487638e+00  3.03087348e+00  2.83680561e+00  2.61241846e+00
  2.90103578e+00  2.58113290e+00  3.02878448e+00  2.51697302e+00
  2.57853405e+00  2.22424869e+00  2.79214918e+00  2.56441183e+00
  2.45458576e+00  2.70011703e+00  2.42958469e+00  2.48278169e+00
  1.97870041e+00  2.21113772e+00  2.24588235e+00  2.52651942e+00
  2.26240380e+00  2.56630453e+00  2.42278486e+00  2.61158017e+00
  1.74429581e+00  2.13277894e+00  2.37605145e+00  2.36346854e+00
  1.82512087e+00  1.59467665e+00  2.16440132e+00  1.99273607e+00
  1.51316676e+00  2.09847756e+00  2.35704258e+00  1.82322451e+00
  1.79230491e+00  1.57901632e+00  1.55456779e+00  1.66325205e+00
  1.74786835e+00  1.70487484e+00  1.60078710e+00  1.39735837e+00
  1.28677180e+00  1.88548230e+00  1.75506234e+00  1.61929055e+00
  1.55555841e+00  1.55836366e+00  1.13761572e+00  1.33489669e+00
  1.08132900e+00  1.25447429e+00  1.60706112e+00  1.50942542e+00
  1.23875075e+00  1.43490061e+00  1.58395299e+00  1.50338794e+00
  1.14296194e+00  1.34948193e+00  6.37593920e-01  9.42528606e-01
  5.96431575e-01  8.42384073e-01  1.31897218e+00  1.27237295e+00
  1.33118488e+00  8.63142629e-01  4.20775035e-01  1.20294009e+00
  4.98288517e-01  7.43272242e-01  1.00656399e+00  4.57751564e-01
  2.86148897e-01  2.15940213e-01  8.15331796e-01  8.85271419e-01
  7.68037491e-01  8.94198367e-04  3.98336016e-01  2.74012537e-01
  2.39481898e-01  9.75246628e-02 -2.03080564e-01  2.31553096e-01
  6.11135843e-01 -1.12942094e-01  5.89531565e-01 -3.48720702e-02
 -2.11396095e-01  6.46139984e-02 -1.75265040e-01  1.37562284e-01
 -3.04472560e-01 -5.27131181e-01  3.11773554e-01 -3.42620130e-01
  3.19805952e-01  2.12223828e-02 -6.52253491e-01 -2.57753913e-01
  1.78994018e-01  1.57541571e-01 -3.70533509e-01 -2.91698931e-01
 -8.66682133e-03 -5.15222366e-01 -1.91088157e-01 -8.74484969e-01
 -6.71951411e-01 -7.79052764e-02 -1.06135911e+00 -3.04585799e-01
 -9.05087451e-01 -1.12136910e+00 -4.85018617e-01 -1.10513468e+00
 -7.28541500e-01 -5.76717369e-01 -3.23936488e-01 -8.95841776e-01
 -1.18111042e+00 -7.71378632e-01 -1.26437177e+00 -1.07507435e+00
 -7.35325377e-01 -8.40556454e-01 -9.81154225e-01 -9.85313105e-01
 -1.21202701e+00 -6.31145278e-01 -1.10301942e+00 -1.64272829e+00
 -1.09018623e+00 -1.69741325e+00 -1.49152059e+00 -9.63796831e-01
 -1.06105165e+00 -1.79064181e+00 -1.72224646e+00 -9.47910008e-01
 -9.96266688e-01 -1.80107110e+00 -1.29487400e+00 -1.46594627e+00
 -1.03708218e+00 -1.19927571e+00 -1.92584976e+00 -1.58919665e+00
 -1.30248592e+00 -1.62720613e+00 -1.61369726e+00 -1.98714759e+00
 -2.04255945e+00 -1.39509927e+00 -1.59598600e+00 -1.42456927e+00
 -2.20277729e+00 -1.57987224e+00 -2.11631440e+00 -1.48051970e+00
 -1.90629379e+00 -1.40510738e+00 -1.65100387e+00 -1.83026761e+00
 -2.37544958e+00 -1.59887261e+00 -1.68541254e+00 -1.58404193e+00
 -1.72231573e+00 -1.69001435e+00 -1.65141430e+00 -2.42285867e+00
 -1.80125661e+00 -2.50164991e+00 -2.10578348e+00 -2.39169308e+00
 -2.46597105e+00 -2.29812601e+00 -2.54630927e+00 -2.40754419e+00
 -2.27712786e+00 -2.44409815e+00 -2.57090400e+00 -2.27284297e+00
 -2.41570757e+00 -2.69464794e+00 -2.04511477e+00 -2.53522152e+00]